Result: -0.04118375933893953
Time =  0.0039196014404296875
