Result: -0.12983527085703173
Time =  0.003887176513671875
