Result: -0.04118375933893953
Time =  0.003981590270996094
