Result: -0.04118375933893953
Time =  0.00402522087097168
