Result: -0.04118375933893953
Time =  0.0038819313049316406
