Result: -0.04118375933893953
Time =  0.003899097442626953
