Result: -0.04118375933893953
Time =  0.004030466079711914
