Result: -0.04118375933893953
Time =  0.0040264129638671875
