Result: -0.04118375933893953
Time =  0.003983736038208008
