Result: -0.04118375933893953
Time =  0.003695964813232422
